CHR	start	end	id	AMOVA	n_clusters
8	19832320.0	19833465.0	rand	0.2697643449956106	3
8	27995649.0	27998279.0	rand	0.7727621899049159	3
8	27919875.0	27923921.0	rand	0.7256206482764618	3
8	15075845.0	15079025.0	rand	0.4868616073266528	3
8	14720013.0	14722987.0	rand	0.36082907071339543	3
8	3762191.0	3763666.0	rand	0.6115984609889302	3
8	3271072.0	3273264.0	rand	0.516944931409266	3
8	25472532.0	25474587.0	rand	0.5296030016038517	3
8	28322837.0	28325980.0	rand	0.6764618355803546	3
8	2774038.0	2776878.0	rand	0.46794980666206615	3
8	26946071.0	26947885.0	rand	0.1757287993307376	3
8	24086040.0	24092040.0	rand	0.3761036402019551	3
8	10101786.0	10105305.0	rand	0.27953345428011833	3
8	1717275.0	1721415.0	rand	0.5457587335866018	3
8	17893893.0	17896255.0	rand	0.297035713199198	3
8	15236644.0	15257171.0	rand	0.3264156246035692	3
8	5097511.0	5104025.0	rand	0.32925730163715977	3
8	28407338.0	28409859.0	rand	0.7467993375953156	3
8	2955309.0	2958423.0	rand	0.5028586256916784	3
8	17911389.0	17916236.0	rand	0.3563983708029464	3
8	18110515.0	18112093.0	rand	0.3690149799676642	3
8	25225273.0	25230619.0	rand	0.3757836338031586	3
8	19081788.0	19085724.0	rand	0.49827195851695844	3
8	18744897.0	18760230.0	rand	0.22517111574932103	3
8	10761283.0	10764811.0	rand	0.3354321702261676	3
8	8331333.0	8332934.0	rand	0.3844086952908092	3
8	1758391.0	1808880.0	rand	0.226984471520752	3
8	5481036.0	5489116.0	rand	0.236112860050122	3
8	17035853.0	17039929.0	rand	0.29069832703378795	3
8	6280784.0	6284853.0	rand	0.4158108587717108	3
8	20623955.0	20631404.0	rand	0.604932228016571	3
8	26138708.0	26141266.0	rand	0.7066551574493692	3
8	8787030.0	8790017.0	rand	0.5874936188107021	3
8	9871963.0	9874559.0	rand	0.23454397992452847	3
8	839261.0	844934.0	rand	0.15410572758871585	3
8	28117602.0	28120255.0	rand	0.7364638757606882	3
8	15634875.0	15637563.0	rand	0.38885717267064007	3
8	9118309.0	9121394.0	rand	0.3009059924947872	3
8	207975.0	213187.0	rand	0.6304495166661137	3
8	20936808.0	20938520.0	rand	0.5465172267964673	3
8	13907561.0	13910591.0	rand	0.4388293849265678	3
8	17521770.0	17527327.0	rand	0.22645176442092574	3
8	20350059.0	20357235.0	rand	0.3988000445407173	3
8	25737324.0	25744301.0	rand	0.6021898096763062	3
8	5774957.0	5778756.0	rand	0.5777192175556304	3
8	17162350.0	17163351.0	rand	0.4087554608715797	3
8	3851377.0	3853982.0	rand	0.11989172692074564	3
8	5319794.0	5323723.0	rand	0.34196110911051364	3
8	17439347.0	17442828.0	rand	0.39333051665261165	3
8	11148406.0	11152831.0	rand	0.31136696006392056	3
8	20977272.0	20982004.0	rand	0.6259013174660651	3
8	25440276.0	25443904.0	rand	0.3904883397667976	3
8	15806058.0	15808449.0	rand	0.28863371734572296	3
8	2367616.0	2373082.0	rand	0.7183683163812067	3
8	27585665.0	27588984.0	rand	0.7190824417685414	3
8	19073047.0	19075925.0	rand	0.42436672615824855	3
8	23858316.0	23863086.0	rand	0.0744628638117683	3
8	2508397.0	2511948.0	rand	0.40555662772864287	3
8	10796699.0	10801521.0	rand	0.35774206368195205	3
8	7460508.0	7471961.0	rand	0.07772233027475108	3
8	25101983.0	25104795.0	rand	0.47612036338506075	3
8	2073249.0	2074834.0	rand	0.6890811803834325	3
8	26601122.0	26604533.0	rand	0.12966031846928816	3
8	25878694.0	25880658.0	rand	0.5070634708911147	3
8	9931943.0	9933363.0	rand	0.30983072112815657	3
8	6575272.0	6577103.0	rand	0.5318913403667411	3
8	10871981.0	10874405.0	rand	0.4424588963477046	3
8	27942574.0	27945105.0	rand	0.8024564091122351	3
8	13779634.0	13781164.0	rand	0.3710617543970176	3
8	25371831.0	25376209.0	rand	0.32417956889279687	3
8	27945150.0	27947292.0	rand	0.6858333982880458	3
8	44736.0	49431.0	rand	0.5875954332843522	3
8	25863363.0	25866180.0	rand	0.5587044302385463	3
8	28309188.0	28311461.0	rand	0.75442729161316	3
8	5726922.0	5731238.0	rand	0.31434603699828806	3
8	26016034.0	26020773.0	rand	0.7749134606902519	3
8	21390029.0	21394648.0	rand	0.6295034494553436	3
8	24615632.0	24618440.0	rand	0.17566822619408	3
8	22363768.0	22366677.0	rand	0.879288165871353	3
8	17994962.0	17998385.0	rand	0.41166148078579096	3
8	18304291.0	18306589.0	rand	0.30073872995421846	3
8	24483028.0	24487152.0	rand	0.16602540840200464	3
8	24414639.0	24422593.0	rand	0.15991581995044968	3
8	18535126.0	18536220.0	rand	0.30426129724656037	3
8	12081873.0	12088593.0	rand	0.35163021004511874	3
8	14247133.0	14249633.0	rand	0.28925693362035415	3
8	26899679.0	26901908.0	rand	0.30697681916851993	3
8	26089696.0	26092363.0	rand	0.6223539497732787	3
8	3057381.0	3059787.0	rand	0.46556773335779794	3
8	9288423.0	9292369.0	rand	0.24252460308549592	3
8	12898541.0	12901052.0	rand	0.44144389791933797	3
8	20508911.0	20510309.0	rand	0.47035862846929366	3
8	23340273.0	23342490.0	rand	0.9049697402121402	3
8	10705278.0	10706088.0	rand	0.38515645604484616	3
8	27436278.0	27440317.0	rand	0.6716935929611307	3
8	18067542.0	18072889.0	rand	0.3243228595839493	3
8	25176830.0	25185586.0	rand	0.3522646950537527	3
8	27230463.0	27231931.0	rand	0.742680593314496	3
8	25335552.0	25340732.0	rand	0.35718041239744297	3
8	3446913.0	3451718.0	rand	0.4536117100203215	3
8	26778377.0	26782459.0	rand	0.5455726612062886	3
8	14055178.0	14062595.0	rand	0.4563795464675372	3
8	23845644.0	23851584.0	rand	0.08026308235914449	3
8	17332525.0	17333907.0	rand	0.46466963122121624	3
8	21370641.0	21372404.0	rand	0.6367912720151059	3
8	14253842.0	14258529.0	rand	0.422144112495397	3
8	26579731.0	26588214.0	rand	0.5775375176919417	3
8	26947350.0	26949587.0	rand	0.29417907763741574	3
8	11547415.0	11553174.0	rand	0.3624860598100182	3
8	11592473.0	11595555.0	rand	0.18476510403282656	3
8	25998106.0	26014174.0	rand	0.76957193775315	3
8	22385435.0	22394012.0	rand	0.8358457633400969	3
8	5489442.0	5491704.0	rand	0.2637742654581997	3
8	1048355.0	1053389.0	rand	0.11650554725774186	3
8	27802407.0	27804937.0	rand	0.6719552870380373	3
8	15963944.0	15981698.0	rand	0.27217406116223314	3
8	2431789.0	2436996.0	rand	0.38200963921974374	3
8	16510254.0	16514582.0	rand	0.44834860381778735	3
8	11591991.0	11593617.0	rand	0.3534135041819864	3
8	20978488.0	20982409.0	rand	0.5362291897311525	3
8	8448316.0	8449410.0	rand	0.2351369396105901	3
8	15954237.0	15970158.0	rand	0.222748224534384	3
8	26301758.0	26303967.0	rand	0.4075167231113395	3
8	7671104.0	7677641.0	rand	0.06798621011310783	3
8	27716576.0	27719551.0	rand	0.6495012168686057	3
8	18083650.0	18085074.0	rand	0.4141138496029561	3
8	26579779.0	26588260.0	rand	0.5783779026281148	3
8	6215499.0	6217242.0	rand	0.3761562644561448	3
8	18456909.0	18475369.0	rand	0.2896863074379531	3
8	6578511.0	6579279.0	rand	0.5158980661718084	3
8	14133072.0	14135551.0	rand	0.4793583363410302	3
8	536830.0	541816.0	rand	0.5449268406016884	3
8	14877582.0	14879047.0	rand	0.42442955259768667	3
8	323929.0	333754.0	rand	0.6564105222791924	3
8	20426586.0	20429745.0	rand	0.32104746304131265	3
8	23115100.0	23118650.0	rand	0.9168442106414598	3
8	10344285.0	10345563.0	rand	0.3492089871775134	3
8	17437536.0	17438514.0	rand	0.5860105649981131	3
8	7592291.0	7595386.0	rand	0.6166676624269176	3
8	28380004.0	28384608.0	rand	0.7738127376433113	3
8	14510481.0	14511899.0	rand	0.3713155325622646	3
8	8289129.0	8290563.0	rand	0.37079996367784124	3
8	23196523.0	23202740.0	rand	0.854353008894621	3
8	22643052.0	22652117.0	rand	0.9161992286474893	3
8	27595154.0	27600069.0	rand	0.49551638091870887	3
8	20681143.0	20682619.0	rand	0.5207430112766992	3
8	14973245.0	14975324.0	rand	0.42374894830816257	3
8	27846001.0	27850315.0	rand	0.6311056745782756	3
8	8051576.0	8053957.0	rand	0.6173105995964618	3
8	11606906.0	11612248.0	rand	0.41696095018680623	3
8	14882683.0	14885152.0	rand	0.41165248555445155	3
8	13036926.0	13039850.0	rand	0.3878613911442699	3
8	17716095.0	17718356.0	rand	0.35594558590465913	3
8	11719047.0	11721618.0	rand	0.22398865273486923	3
8	20711305.0	20712265.0	rand	0.6558172710275081	3
8	27053966.0	27056766.0	rand	0.42652332734226506	3
8	22136209.0	22140838.0	rand	0.8363125727480583	3
8	25413522.0	25417025.0	rand	0.4570188104059189	3
8	27166611.0	27169281.0	rand	0.5587949635332636	3
8	16586646.0	16589101.0	rand	0.461255930887347	3
8	26836375.0	26838688.0	rand	0.3862971338397133	3
8	19846554.0	19851815.0	rand	0.3247638127766493	3
8	23338396.0	23340374.0	rand	0.8721213700489525	3
8	19344285.0	19346877.0	rand	0.605328797995122	3
8	19546016.0	19550297.0	rand	0.49251107087037005	3
8	24253858.0	24256576.0	rand	0.5404704430802243	3
8	1517478.0	1526709.0	rand	0.44810695619679614	3
8	660904.0	665511.0	rand	0.530664122441695	3
8	3942300.0	3947404.0	rand	0.13244080238766975	3
8	7860653.0	7864516.0	rand	0.4504383574621053	3
8	23927215.0	23934150.0	rand	0.08684532464751223	3
8	10369961.0	10376005.0	rand	0.24822373561133784	3
8	26773430.0	26777431.0	rand	0.5156754684088635	3
8	19528119.0	19530391.0	rand	0.5171226553115797	3
8	8846147.0	8856385.0	rand	0.22301366559699065	3
8	10834875.0	10836301.0	rand	0.3048035649271012	3
8	20406207.0	20409544.0	rand	0.33541647252092066	3
8	13989312.0	13992166.0	rand	0.46600248987994686	3
8	19627424.0	19629980.0	rand	0.3986853702061603	3
8	3587139.0	3591482.0	rand	0.5368398185725116	3
8	1849078.0	1850204.0	rand	0.440895731889361	3
8	26856903.0	26859793.0	rand	0.42467512685349224	3
8	1850312.0	1915143.0	rand	0.09718216736822444	3
8	15580618.0	15583752.0	rand	0.4622566151157753	3
8	11622860.0	11624714.0	rand	0.3853006551441626	3
8	10497551.0	10501557.0	rand	0.45959929303665265	3
8	14265921.0	14284517.0	rand	0.34412452812900574	3
8	20440701.0	20450799.0	rand	0.2676412913283452	3
8	1758176.0	1794771.0	rand	0.2329939960376761	3
8	21824422.0	21826725.0	rand	0.6226828868356802	3
8	20558315.0	20563340.0	rand	0.41607540655869263	3
8	27977712.0	27993451.0	rand	0.6440371236029989	3
8	14001943.0	14043638.0	rand	0.3135184471785942	3
8	24357365.0	24363621.0	rand	0.01923890637550203	3
8	13988855.0	13991586.0	rand	0.4554221906030742	3
8	27423224.0	27425055.0	rand	0.6682276627969919	3
8	23749625.0	23753335.0	rand	0.17643288611382968	3
8	14316026.0	14317614.0	rand	0.4462845800955	3
8	12812284.0	12814325.0	rand	0.40447918154876294	3
8	8673278.0	8677459.0	rand	0.3938375969250997	3
