CHR	start	end	id	AMOVA	n_clusters
1	26191362	26193385	osa-miR1862a	0.2519058268711087	3
1	4765355	4767375	osa-miR1431	0.5053227859933568	3
1	5989125	5991276	osa-MIR5817	0.28701078058867563	3
1	11893404	11895424	osa-miR2924	0.2942449662700354	3
1	22523147	22525246	osa-MIR156a	0.1554652781516556	3
1	32685068	32687227	osa-MIR167j	0.5345806249378086	3
1	12300813	12302833	osa-miR408-3p	0.4142087963292443	3
1	35551728	35554070	osa-MIR5540	0.7950165765704128	3
1	5989135	5991158	osa-miR5817	0.2859643441585974	3
1	6692112	6694299	osa-MIR159f	0.18415115266743026	3
1	29288280	29290462	osa-MIR1435	0.6090464668524532	3
1	1760530	1762730	osa-MIR5824	0.33157058436010417	3
1	11845139	11847200	osa-MIR5812	0.7126015966760125	3
1	672278	674374	osa-MIR1859	0.3225211955403583	3
1	38763289	38765391	osa-MIR2090	0.5875852985404134	3
1	17680923	17683194	osa-MIR159a	0.7551410455870711	3
1	1760540	1762563	osa-miR5824	0.33749341432952507	3
1	6676570	6678766	osa-MIR319b	0.4032800828952818	3
1	672288	674309	osa-miR1859	0.3225211955405599	3
1	35551738	35553758	osa-miR5540	0.8582261445802154	3
1	25389346	25391469	osa-MIR1428b	0.37759563816364655	3
1	42569862	42571883	osa-miR2099-5p	0.48699753471128854	3
1	4665383	4667402	osa-miR156b-5p	0.6072403631432283	3
1	19879208	19881228	osa-miR439a	0.001132206658614403	3
1	16372523	16374546	osa-miR2121a	0.2609242142460663	3
1	933420	935567	osa-MIR1860	0.20237635661999276	3
1	29694842	29696904	osa-MIR5819	0	0
1	2333230	2335250	osa-miR5521	0.0687404571974648	3
1	11665716	11668202	osa-MIR7695	0.26255651382827694	3
1	2308149	2310263	osa-MIR393a	0.1978294776410831	3
1	11845176	11847199	osa-miR5812	0.7320436361591323	3
1	26191308	26193395	osa-MIR1862a	0.24641207303080295	3
1	26822282	26824472	osa-MIR319a	0.7264064434517483	3
1	25016383	25018406	osa-miR5815	0.6702231517208648	3
1	30476612	30478729	osa-MIR399e	0.6766841177890696	3
1	40621637	40623718	osa-MIR5145	0.42971081827116697	3
1	14129479	14131669	osa-MIR820a	0	0
1	27180872	27183032	osa-MIR2870	0.43126326241233476	3
1	11893321	11895440	osa-MIR2924	0.29424508744405853	3
1	40414538	40416559	osa-miR818a	0	0
1	14129483	14131503	osa-miR820a	0	0
1	25325388	25327810	osa-MIR5144	0.4199721752503669	3
1	2316365	2318385	osa-miR5494	0.2492663459130006	3
1	1214030	1216217	osa-MIR159b	0.6498080365518397	3
1	933456	935477	osa-miR1860-3p	0.10973438612903903	3
1	27180881	27182901	osa-miR2870	0.43138822440324914	3
1	22417294	22419377	osa-MIR5146	0.05016669850101483	3
1	42569854	42571913	osa-MIR2099	0.4856743104118412	3
1	25325399	25327419	osa-miR5144-3p	0.4817857065468132	3
1	8414808	8416998	osa-MIR5143b	0.8672212063061256	3
1	6676580	6678599	osa-miR319b	0.40328008042998026	3
1	15048794	15050815	osa-miR1861a	0	0
1	13159777	13161896	osa-MIR1428a	0	0
1	8414818	8416841	osa-miR5143b	0.868867653393922	3
1	7188323	7190343	osa-miR1426	0.5598376487451929	3
1	6442596	6444616	osa-miR2096-3p	0.6588836522475772	3
1	20331878	20333987	osa-MIR1847	0.23158822962643533	3
1	30477636	30479784	osa-MIR399a	0.7319033678564493	3
1	13159785	13161805	osa-miR1428a-5p	0	0
1	4665450	4667470	osa-miR156b-3p	0.6091898968175375	3
1	8416107	8418315	osa-MIR5143a	0.8610516247783693	3
1	4351598	4353621	osa-miR5830	0.06963301382817852	3
1	30476622	30478642	osa-miR399e	0.6768992280993062	3
1	12300661	12302873	osa-MIR408	0.3487881328958547	3
1	20331894	20333914	osa-miR1847.1	0.2302147435018279	3
1	8416119	8418142	osa-miR5143a	0.8619179400239719	3
1	26822292	26824311	osa-miR319a-3p.2-3p	0.7246941968195295	3
1	25800058	25802177	osa-MIR2925	0.04874462370240192	3
1	11666043	11668066	osa-miR7695-5p	0.04563765797996074	3
1	40621693	40623716	osa-miR5145	0.42969214373702236	3
1	32685182	32687202	osa-miR167j	0.5345806242824472	3
1	40414422	40416565	osa-MIR818a	0	0
1	26822336	26824356	osa-miR319a-3p	0.726395303934306	3
1	39636075	39638096	osa-miR1846d-5p	0.2673307949331598	3
1	29694852	29696872	osa-miR5819	0	0
1	933510	935530	osa-miR1860-5p	0.10578995255432394	3
1	4765320	4767559	osa-MIR1431	0.49190587122551643	3
1	2308233	2310253	osa-miR393a	0.19784580274618954	3
1	25800074	25802092	osa-miR2925	0.04884285965031816	3
1	9054603	9056779	osa-MIR2097	0.6229638231667303	3
1	33946151	33948384	osa-MIR812a	0.5439865646343607	3
1	22374030	22376126	osa-MIR814a	0	0
1	4664975	4667123	osa-MIR156c	0.601779269292627	3
1	26249210	26251233	osa-miR7692-5p	0.18661229685092773	3
1	9054610	9056631	osa-miR2097-5p	0.622967455893143	3
1	12300691	12302711	osa-miR408-5p	0.4142229617692346	3
1	6442388	6444624	osa-MIR2096	0.6304158916682177	3
1	2333077	2335260	osa-MIR5521	0.06874045704375509	3
1	15048772	15050900	osa-MIR1861a	0	0
1	42569884	42571903	osa-miR2099-3p	0.4637845473290874	3
1	6442398	6444418	osa-miR2096-5p	0.5683518300668804	3
1	22374048	22376069	osa-miR814a	0	0
1	20331937	20333960	osa-miR1847.2	0.2309850124124254	3
1	832931	834999	osa-MIR531b	0	0
1	41009573	41011952	osa-MIR5083	0.6476800405728368	3
1	6555048	6557244	osa-MIR159c	0.6556555764780678	3
1	9054748	9056769	osa-miR2097-3p	0.02812163479529072	3
1	4665003	4667022	osa-miR156c-5p	0.6046472412504933	3
1	6692269	6694289	osa-miR159f	0.18506169544782444	3
1	38763364	38765385	osa-miR2090	0.5924520235548351	3
1	41009583	41011602	osa-miR5083	0.6478639923388119	3
1	17681164	17683184	osa-miR159a.1	0.7520821227053244	3
1	6555058	6557078	osa-miR159c	0.6556555762224944	3
1	39636151	39638170	osa-miR1846d-3p	0.2838669571902821	3
1	13159865	13161885	osa-miR1428a-3p	0	0
1	30477754	30479774	osa-miR399a	0.7319043176933565	3
1	11665852	11667872	osa-miR7695-3p	0.2643306287938391	3
1	22417344	22419367	osa-miR5146	0.04994037465524019	3
1	26822397	26824417	osa-miR319a-5p	0.7263926476540475	3
1	20315586	20317746	osa-MIR1436	0.21706873136611887	3
1	6562756	6564944	osa-MIR159d	0.5920840314310721	3
1	43207622	43209850	osa-MIR5076	0.0044005551102525835	3
1	39636065	39638180	osa-MIR1846d	0.26733110162515056	3
1	26249161	26251558	osa-MIR7692	0.18257181174373044	3
1	832970	834989	osa-miR531b	0	0
1	16372428	16374547	osa-MIR2121a	0.2609242128133889	3
1	4351437	4353631	osa-MIR5830	0.06963301382850969	3
1	6562766	6564786	osa-miR159d	0.5920515127450929	3
1	8728141	8730161	osa-miR169a	0.8249808499533829	3
1	43207632	43209653	osa-miR5076	0.005698471048432242	3
1	25325778	25327798	osa-miR5144-5p	0.4199354018533073	3
1	26249474	26251497	osa-miR7692-3p	0.18581473255456624	3
1	20315606	20317626	osa-miR1436	0.21747344949813044	3
1	37097081	37099230	osa-MIR2927	0.9039424544630564	3
1	9759708	9761898	osa-MIR159e	0.3380191159957202	3
1	25389434	25391454	osa-miR1428b	0.37944403790422326	3
1	17681123	17683143	osa-miR159a.2	0.7520818579488214	3
1	25016304	25018415	osa-MIR5815	0.6702193106188504	3
1	9759718	9761738	osa-miR159e	0.33801911722996697	3
1	19879143	19881235	osa-MIR439a	0.0011322066638967461	3
1	42922746	42924766	osa-miR172b	0.1329428531519014	3
1	22523221	22525240	osa-miR156a	0.15546527694235585	3
1	1214187	1216207	osa-miR159b	0.649808023816496	3
1	13087727	13089790	osa-MIR5802	0	0
1	42922736	42924973	osa-MIR172b	0.12755910535576523	3
1	8728104	8730276	osa-MIR169a	0.826314203716631	3
1	4665074	4667095	osa-miR156c-3p	0.6046472412827699	3
1	13087733	13089756	osa-miR5802	0	0
1	2316278	2318395	osa-MIR5494	0.24926634627745406	3
1	37097129	37099151	osa-miR2927	0.9039480534511676	3
1	29288440	29290459	osa-miR1435	0.6301061350467617	3
1	7188218	7190347	osa-MIR1426	0.5566783068284848	3
1	4665341	4667516	osa-MIR156b	0.6059219756031412	3
1	33946325	33948346	osa-miR812a	0.5131193376453683	3
2	10237953	10240146	osa-MIR5541	0	0
2	31204866	31206997	osa-MIR169e	0.8574144706365336	3
2	7674372	7676392	osa-miR399g	0.728799172191185	3
2	23900168	23902188	osa-miR827	0.5105235734318081	3
2	22839161	22841264	osa-MIR5514	0.6848042322543788	3
2	27335438	27337458	osa-miR168b	0.8558716783064472	3
2	6534928	6537127	osa-MIR2928	0	0
2	10888722	10890743	osa-miR814c	0.23694141177667163	3
2	18557461	18559481	osa-miR169f.1	0.3479718197497526	3
2	24119063	24121082	osa-miR156i	0.13548409600847555	3
2	34286873	34289013	osa-MIR396c	0.5425659342076671	3
2	1552154	1554240	osa-MIR168a	0.18918486965460404	3
2	17048859	17051224	osa-MIR5147	0.6143469930046019	3
2	17049374	17051394	osa-miR437	0.6455390291508025	3
2	34286881	34288901	osa-miR396c-3p	0.5425690885257732	3
2	1552162	1554185	osa-miR168a-3p	0.18918486991711725	3
2	7649769	7651789	osa-miR399i	0.5427275572413919	3
2	33142567	33144660	osa-MIR164d	0.8749929446119789	3
2	7795932	7797952	osa-miR5484	0	0
2	8520746	8523119	osa-MIR1863a	0.4083825479447071	3
2	3741483	3743503	osa-miR167e-5p	0.5802877503292847	3
2	4006190	4008302	osa-MIR818b	0.319794636660184	3
2	18973743	18975902	osa-MIR2873b	0.04817933446313174	3
2	32434184	32436204	osa-miR166h-3p	0.8749864155376433	3
2	35181622	35183703	osa-MIR418	0.3525800084381016	3
2	23767609	23769694	osa-MIR2106	0.3307097861672054	3
2	3510586	3512606	osa-miR160a-3p	0.4975181382588601	3
2	18894908	18897208	osa-MIR2879	0.05258961472636727	3
2	23604799	23606969	osa-MIR162a	0.4361816525816166	3
2	3741249	3743269	osa-miR167e-3p	0.5803353530795501	3
2	23767619	23769639	osa-miR2106	0.3307020635304389	3
2	16226884	16228903	osa-miR529a	0.7007402268009634	3
2	18894917	18896940	osa-miR2879	0.05905116747748848	3
2	35927879	35929900	osa-miR818c	0.1537652648183148	3
2	35181642	35183662	osa-miR418	0.35258000900458303	3
2	8521086	8523109	osa-miR1863a	0.4334752795236644	3
2	35142626	35144645	osa-miR172d-5p	0.4140669629743212	3
2	1552210	1554230	osa-miR168a-5p	0.18918486983395266	3
2	32434003	32436129	osa-MIR166k	0.8019676194887493	3
2	32434260	32436280	osa-miR166h-5p	0.862858725313725	3
2	34279509	34281528	osa-miR396a-3p	0.716901823807231	3
2	27335428	27337533	osa-MIR168b	0.8520417336803872	3
2	3510585	3512672	osa-MIR160a	0.49751814060967364	3
2	22858724	22860809	osa-MIR5496	0.45699098894003587	3
2	35635546	35637721	osa-MIR396f	0.004967616861358468	3
2	32434013	32436033	osa-miR166k-3p	0.8019676231646979	3
2	35635554	35637577	osa-miR396f-3p	0.0050642986486687126	3
2	3741241	3743513	osa-MIR167e	0.5880930576274577	3
2	33142630	33144650	osa-miR164d	0.8749929466589749	3
2	31204967	31206987	osa-miR169e	0.8574144706409157	3
2	4194665	4196765	osa-MIR2863b	0.48575081274898935	3
2	6535024	6537043	osa-miR2928	0	0
2	18557299	18559512	osa-MIR169f	0.34797013356551904	3
2	20297332	20299595	osa-MIR5495	0.41169496824212415	3
2	12449910	12452133	osa-MIR5179	-0.007788736178132076	3
2	16646775	16648914	osa-MIR6245	0.32670118634980116	3
2	22897044	22899300	osa-MIR5493	0.37687539032557127	3
2	19334011	19336032	osa-miR5544	0.5033451967081837	3
2	20297342	20299362	osa-miR5495	0.41169496824214546	3
2	26340222	26342243	osa-miR814b	0.48540645449617975	3
2	12449920	12451940	osa-miR5179	-0.007775470717727967	3
2	22839171	22841191	osa-miR5514	0.6851206346946698	3
2	2534020	2536161	osa-MIR1428c	0.0028382602107454584	3
2	4006278	4008299	osa-miR818b	0.31979463665679414	3
2	34286983	34289003	osa-miR396c-5p	0.542565929990827	3
2	35142537	35144666	osa-MIR172d	0.3930469070975451	3
2	4511884	4514012	osa-MIR156d	0.39187586789617984	3
2	35635693	35637714	osa-miR396f-5p	0.00496761685042297	3
2	27147154	27149263	osa-MIR394	0.9142203495820975	3
2	32840771	32842791	osa-miR396h	0.879037918492197	3
2	7649684	7651799	osa-MIR399i	0.5427275507892844	3
2	35142556	35144576	osa-miR172d-3p	0.3930469052374487	3
2	27147167	27149186	osa-miR394	0.8818559869826906	3
2	22858779	22860799	osa-miR5496	0.43352875148574327	3
2	10238116	10240136	osa-miR5541	0	0
2	3279781	3281898	osa-MIR397b	0.5237777451073252	3
2	20715174	20717280	osa-MIR1861c	0.14278715817004242	3
2	12275369	12277389	osa-miR817	0.34829339926645875	3
2	16646884	16648904	osa-miR6245	0.359488191845797	3
2	7674284	7676402	osa-MIR399g	0.728799172080121	3
2	32434097	32436117	osa-miR166k-5p	0.866275459889518	3
2	7663026	7665122	osa-MIR399b	0.5826292373054665	3
2	4194675	4196695	osa-miR2863b	0.4857508137017949	3
2	18973876	18975896	osa-miR2873b	0.04804996535708452	3
2	29868574	29870597	osa-miR2863c	0.7647221993077662	3
2	26129079	26131099	osa-miR166d-5p	0.5251898465339787	3
2	18557482	18559502	osa-miR169f.2	0.3479718195989361	3
2	35927738	35929913	osa-MIR818c	0.15349228241645732	3
2	7663036	7665056	osa-miR399b	0.5826292355776118	3
2	20715196	20717217	osa-miR1861c	0.012258248938197542	3
2	22897270	22899290	osa-miR5493	0.3725385036840314	3
2	5682378	5684465	osa-MIR5340	0.7442739637451378	3
2	29868493	29870606	osa-MIR2863c	0.7647217709243539	3
2	19333838	19336042	osa-MIR5544	0.5029329593533024	3
2	23604941	23606961	osa-miR162a	0.44053704417826345	3
2	7795922	7798213	osa-MIR5484	0	0
2	26129059	26131183	osa-MIR166d	0.49984000059581873	3
2	5682388	5684410	osa-miR5340	0.7442739637641882	3
2	29778638	29780709	osa-MIR2094	0.8459948512794712	3
2	3510649	3512669	osa-miR160a-5p	0.4975181364858983	3
2	34279384	34281537	osa-MIR396a	0.712423086331333	3
2	29778650	29780670	osa-miR2094-5p	0.8459950908063998	3
2	26340211	26342284	osa-MIR814b	0.48540952081415395	3
2	1935324	1937493	osa-MIR812b	0.1654213066140216	3
2	12275365	12277447	osa-MIR817	0.3470730881092511	3
2	10888672	10890754	osa-MIR814c	0.23694141088526002	3
2	17048866	17050886	osa-miR5147	0.6250235678012737	3
2	34279394	34281414	osa-miR396a-5p	0.7124230902133508	3
2	20714979	20717000	osa-miR1861b	0.06949374058828843	3
2	1935332	1937353	osa-miR812b	0.16668531306993004	3
2	2534117	2536137	osa-miR1428c	0.0019016628215622281	3
2	4511974	4513993	osa-miR156d	0.3918758678958329	3
2	14948073	14950328	osa-MIR1864	0.9443870820529653	3
2	20714962	20717079	osa-MIR1861b	0.07076932761143155	3
2	8714222	8716243	osa-miR2122	0.28756902711390164	3
2	14948079	14950102	osa-miR1864	0.943858709126069	3
2	24118995	24121084	osa-MIR156i	0.135484094954231	3
2	16226805	16228903	osa-MIR529a	0.7007387645756913	3
2	29778679	29780700	osa-miR2094-3p	0.8429982804387016	3
2	17049336	17051548	osa-MIR437	0.6455345690397655	3
2	3279868	3281888	osa-miR397b	0.5238379134389299	3
2	26129149	26131169	osa-miR166d-3p	0.49983999944059226	3
2	32434174	32436292	osa-MIR166h	0.8628587448630379	3
2	32840661	32842801	osa-MIR396h	0.8172365668594557	3
3	3346692	3348712	osa-miR167g	0.6664703129338834	3
3	25293953	25296097	osa-MIR166i	0.48114143063202247	3
3	30545928	30548090	osa-MIR167b	0.7394756244334775	3
3	27107339	27109459	osa-MIR2863a	0.9116575354581964	3
3	23398924	23400947	osa-miR1319b	0.8670006475591072	3
3	33129741	33131763	osa-miR167c-3p	0.5903027117511199	3
3	23597586	23599607	osa-miR2907a	0.7446444755592032	3
3	27107349	27109369	osa-miR2863a	0.9121561789503564	3
3	30026774	30028900	osa-MIR171f	0.8600271186778559	3
3	1666328	1668415	osa-MIR528	0.4587252455030573	3
3	23076356	23078376	osa-miR1428d	0.6746054007153715	3
3	1666330	1668350	osa-miR528-5p	0.45872655690275677	3
3	32454106	32456126	osa-miR160d-3p	0.8430099529524144	3
3	23075870	23077979	osa-MIR1428e	0.6911294122772443	3
3	13697311	13699408	osa-MIR439d	0.6769932235294362	3
3	30391841	30393861	osa-miR166j-5p	0.7940377621654915	3
3	18208546	18210565	osa-miR435	0.6345355819149231	3
3	32571995	32574015	osa-miR6248	0.7717370602585821	3
3	13197037	13199060	osa-miR5811	0.5059114034535569	3
3	23075880	23077901	osa-miR1428e-5p	0.7007693754772413	3
3	22973225	22975498	osa-MIR821a	0.06350955838819394	3
3	6509870	6511954	osa-MIR1866	0.780159777302552	3
3	764724	766860	osa-MIR166e	0.8454806823583618	3
3	35781429	35783449	osa-miR169r-5p	0.5668057304609159	3
3	22973239	22975262	osa-miR821a	0.019563823677813473	3
3	6509880	6511903	osa-miR1866-5p	0.7801597773026597	3
3	35884491	35886511	osa-miR5337b	0.24130514773766767	3
3	764735	766755	osa-miR166e-5p	0.845480630192417	3
3	3486788	3488912	osa-MIR166c	0.9252191601163577	3
3	30020449	30022596	osa-MIR443	0.8142693830063701	3
3	35781416	35783544	osa-MIR169r	0.5668057315344838	3
3	22087075	22089192	osa-MIR5485	0.5621222777707918	3
3	34007118	34009138	osa-miR5513	0.40656237969290054	3
3	1969487	1971605	osa-MIR171e	0.6475429261929336	3
3	30005944	30008059	osa-MIR5788	0.6804330537629315	3
3	9967955	9969978	osa-miR5148a	0.6704105540112023	3
3	33999704	34001727	osa-miR1865-3p	0.38988378404745005	3
3	1969499	1971519	osa-miR171e-5p	0.6480215630684021	3
3	34274140	34276230	osa-MIR390	0.7494449395110921	3
3	10541157	10543288	osa-MIR164e	0.5753558061160762	3
3	6509921	6511942	osa-miR1866-3p	0.7801597773023162	3
3	32453988	32456129	osa-MIR160d	0.8267536229441131	3
3	13697381	13699401	osa-miR439d	0.6748753459769321	3
3	6032231	6034401	osa-MIR812s	0.787844920807765	3
3	18922858	18925016	osa-MIR1882a	0.005079284135591192	3
3	32453995	32456015	osa-miR160d-5p	0.8267544739014366	3
3	34274156	34276175	osa-miR390-3p	0.7494449369306896	3
3	13590894	13592974	osa-MIR2905	0.23073886251728215	3
3	23075951	23077971	osa-miR1428e-3p	0.6911294123850744	3
3	6032241	6034264	osa-miR812s	0.7440909476036914	3
3	30026870	30028890	osa-miR171f-3p	0.8600271186785418	3
3	1234626	1236795	osa-MIR6256	0.76700260841295	3
3	29755516	29757891	osa-MIR5149	0.5900625448293638	3
3	35781501	35783521	osa-miR169r-3p	0.5668317404778935	3
3	1624448	1626470	osa-miR6246	-0.0013393473624537947	3
3	5229185	5231208	osa-miR812g	0.9268817187312801	3
3	26837891	26839977	osa-MIR5486	0.8786881660097468	3
3	30546053	30548073	osa-miR167b	0.7395666562598031	3
3	30020486	30022507	osa-miR443	0.7837044909301982	3
3	29755528	29757549	osa-miR5149	0.5724163719427543	3
3	22740618	22742797	osa-MIR2880	0.8842976201408165	3
3	26837901	26839921	osa-miR5486	0.8631430217280929	3
3	21190603	21192722	osa-MIR171i	0.710644880704446	3
3	25293967	25295987	osa-miR166i-5p	0.4811659245268482	3
3	34274192	34276212	osa-miR390-5p	0.7494449395060736	3
3	1163921	1166107	osa-MIR812h	0.7420408661668444	3
3	33129619	33131781	osa-MIR167c	0.5903005526620981	3
3	22740628	22742651	osa-miR2880	0.8798458508001729	3
3	7330671	7332690	osa-miR2866	0.10182335483372093	3
3	3486878	3488898	osa-miR166c-3p	0.9252191600637757	3
3	764831	766851	osa-miR166e-3p	0.8347166414579864	3
3	33129635	33131655	osa-miR167c-5p	0.590295773698061	3
3	21190690	21192710	osa-miR171i-3p	0.7106448811765993	3
3	1969575	1971595	osa-miR171e-3p	0.6566002623517289	3
3	10287528	10289615	osa-MIR5531	0.7201642265811073	3
3	23076268	23078391	osa-MIR1428d	0.6746054010010849	3
3	32505012	32507149	osa-MIR5497	0.7300590265972919	3
3	10287543	10289564	osa-miR5531	0.720164226581881	3
3	14093752	14095842	osa-MIR5077	0.848934031212513	3
3	1163964	1165987	osa-miR812h	0.7420665304177252	3
3	32505022	32507042	osa-miR5497	0.7300679622301237	3
3	35884481	35886724	osa-MIR5337b	0.24130273182351336	3
3	18208450	18210581	osa-MIR435	0.634533934468659	3
3	743619	745700	osa-MIR6249a	0.8846804072186017	3
3	14093764	14095782	osa-miR5077	0.8521399963051943	3
3	1624438	1626521	osa-MIR6246	-0.0014640150600724005	3
3	33999594	34001737	osa-MIR1865	0.40301753339360546	3
3	30005963	30007983	osa-miR5788	0.6827935858642283	3
3	1234636	1236657	osa-miR6256	0.8188955181277532	3
3	30026786	30028806	osa-miR171f-5p	0.8600279891171588	3
3	13590904	13592924	osa-miR2905	0.23073886251712455	3
3	21190610	21192630	osa-miR171i-5p	0.7106448767396903	3
3	10541167	10543187	osa-miR164e	0.5790094879827522	3
3	5229013	5231254	osa-MIR812g	0.9128234682718976	3
3	3346682	3348763	osa-MIR167g	0.6728175191792367	3
3	18922970	18924993	osa-miR1882a	0.005077105625937788	3
3	34007003	34009148	osa-MIR5513	0.40656586532497524	3
3	30391798	30393818	osa-miR166j-3p	0.7937678469382109	3
3	1666395	1668415	osa-miR528-3p	0.4587252476552252	3
3	30391782	30393881	osa-MIR166j	0.7937666046292827	3
3	32571985	32574087	osa-MIR6248	0.7615680774077285	3
3	3486799	3488818	osa-miR166c-5p	0.9252215564417114	3
3	23398893	23401011	osa-MIR1319b	0.8670006358707473	3
3	23597551	23599615	osa-MIR2907a	0.7446437251892487	3
3	13196994	13199070	osa-MIR5811	0.5057638214044002	3
3	7330600	7332700	osa-MIR2866	0.10182335627912191	3
3	9967953	9970028	osa-MIR5148a	0.683209765762717	3
3	25294067	25296087	osa-miR166i-3p	0.48617020533768274	3
3	33999604	34001627	osa-miR1865-5p	0.41059791353024055	3
3	743670	745690	osa-miR6249a	0.8846804072186019	3
3	22087162	22089182	osa-miR5485	0.5621449986033622	3
4	9952000	9954021	osa-miR5813	0.6947005388662111	3
4	23646976	23648997	osa-miR5532	0	0
4	17243138	17245261	osa-MIR5515	0	0
4	21646689	21648864	osa-MIR2118d	0.08896480427709692	3
4	28872196	28874216	osa-miR399j	0.5769788391711322	3
4	22223878	22225898	osa-miR1849	0.31722265591273446	3
4	31803912	31805999	osa-MIR395e	0.12628698912327604	3
4	17568172	17570192	osa-miR5487	0.19817420799119603	3
4	24405002	24407022	osa-miR162b	0.3572722648908872	3
4	18204684	18206705	osa-miR5523	0.4358216420271605	3
4	18204674	18206757	osa-MIR5523	0.43582164203185353	3
4	28584208	28586568	osa-MIR2877	0.796673812134012	3
4	31803922	31805942	osa-miR395e	0.12016526105689807	3
4	34435971	34437994	osa-miR396e-3p	0.9221232100844876	3
4	32621998	32624018	osa-miR395s	0.22337700188660634	3
4	30081047	30083067	osa-miR5827	0.5943054696860256	3
4	13242648	13244671	osa-miR812f	0.01809628910628546	3
4	32621572	32623592	osa-miR395p	0.2218883297119999	3
4	32622127	32624147	osa-miR395x	0.22338707742250544	3
4	31712541	31714561	osa-miR171c-5p	0.14891181783712304	3
4	28836880	28839245	osa-MIR5501	0.6705391030116407	3
4	31804193	31806281	osa-MIR395c	0.19464718007032278	3
4	32621858	32623878	osa-miR395r	0.22520046655835724	3
4	21644323	21646344	osa-miR2118b	0.09058234430319682	3
4	21657892	21659913	osa-miR2118m	0.07428421473668223	3
4	30080902	30083077	osa-MIR5827	0.5943055299378718	3
4	17240811	17242831	osa-miR5499	0	0
4	15882024	15884161	osa-MIR529b	0.44992608414993834	3
4	21646428	21648604	osa-MIR2118e	0.08733084305692797	3
4	30711338	30713449	osa-MIR169c	0.5295041419915245	3
4	31804203	31806223	osa-miR395c	0.20072085945222914	3
4	25025327	25027430	osa-MIR156e	0.7414740829856583	3
4	11829808	11831828	osa-miR5498	0.41343286672893226	3
4	32796727	32798747	osa-miR5542	0.5809350745870805	3
4	18385976	18388112	osa-MIR5512a	0.0070635131560812916	3
4	15882042	15884062	osa-miR529b	0.40921740843346555	3
4	18385979	18388110	osa-MIR5512b	0.007063513156078103	3
4	17455166	17457274	osa-MIR416	0	0
4	16416319	16418339	osa-miR5543	0.11629293129233034	3
4	21646727	21648748	osa-miR2118d	0.08613562658509814	3
4	19714117	19716252	osa-MIR1423	0.1747374612372847	3
4	34968161	34970299	osa-MIR818d	0.7817872002330966	3
4	8302665	8304684	osa-miR530-5p	0.61528905789899	3
4	21643852	21645989	osa-MIR1869	0.09052857201858655	3
4	31712482	31714502	osa-miR171c-3p	0.14909217664990826	3
4	21660494	21662672	osa-MIR2118n	0.0906371031554755	3
4	30319186	30321206	osa-miR396d	0.31781892756778	3
4	16881396	16883419	osa-miR2121b	0.5361723340612319	3
4	21643862	21645885	osa-miR1869	0.09073350917036777	3
4	8339799	8341939	osa-MIR2871b	0.561867096840863	3
4	31804504	31806524	osa-miR395a	0.18450011797825255	3
4	19714137	19716160	osa-miR1423-5p	0.17739572048366317	3
4	21653594	21655764	osa-MIR2118j	0.013822220303454286	3
4	16881244	16883420	osa-MIR2121b	0.5592236771538315	3
4	28837215	28839235	osa-miR5501	0.6532521019847638	3
4	30230544	30232567	osa-miR5803	0.3476761534163433	3
4	32621243	32623308	osa-MIR395n	0.20675650504250778	3
4	32621668	32623735	osa-MIR395q	0.22520046657767664	3
4	27730022	27732109	osa-MIR5500	0.7512171159237305	3
4	21649553	21651574	osa-miR2118f	0.07827473388504155	3
4	34930876	34933007	osa-MIR393b	0.6140034151717836	3
4	21649514	21651682	osa-MIR2118f	0.0782747339134711	3
4	14652011	14654138	osa-MIR5511	0	0
4	21660272	21662426	osa-MIR2118o	0.08202789386257818	3
4	30285459	30287540	osa-MIR6249b	0.3667380351520487	3
4	21660532	21662553	osa-miR2118n	0.09064162776650815	3
4	34968181	34970202	osa-miR818d	0.7747275546339331	3
4	18130807	18132869	osa-MIR1848	0	0
4	21646968	21648989	osa-miR2118c	0.09680649444191365	3
4	25025402	25027421	osa-miR156e	0.7414737461100145	3
4	30711419	30713439	osa-miR169c	0.5295050848916267	3
4	31803774	31805855	osa-MIR395f	0.18775442151197544	3
4	21646463	21648484	osa-miR2118e	0.08797279494473655	3
4	18130817	18132837	osa-miR1848	0	0
4	21653635	21655656	osa-miR2118j	0.013807865679582986	3
4	6535556	6537647	osa-MIR1861e	0.4868244736059699	3
4	31803781	31805801	osa-miR395f	0.18775805049560637	3
4	23646854	23649007	osa-MIR5532	0	0
4	13242503	13244681	osa-MIR812f	0.018096289165769847	3
4	21655944	21658120	osa-MIR2118k	0.06644644873430826	3
4	21660299	21662320	osa-miR2118o	0.08449246806467098	3
4	17240717	17242841	osa-MIR5499	0	0
4	19714448	19716616	osa-MIR1868	0.10368842139369662	3
4	2760849	2762869	osa-miR5533	0	0
4	32621715	32623735	osa-miR395q	0.2252004664989538	3
4	17455252	17457272	osa-miR416	0	0
4	21649301	21651460	osa-MIR2118g	0.0671217345928718	3
4	31804055	31806142	osa-MIR395d	0.15597175019621096	3
4	18385989	18388009	osa-miR5512b	0.007063512924637131	3
4	21655708	21657884	osa-MIR2118l	0.07042945534678088	3
4	27730077	27732098	osa-miR5500	0.7512171359502131	3
4	18469790	18471868	osa-MIR5150	0.7117539310973856	3
4	32621381	32623449	osa-MIR395o	0.22147348298250688	3
4	31804065	31806085	osa-miR395d	0.1559717498194163	3
4	17568162	17570381	osa-MIR5487	0.19744792452744744	3
4	19714211	19716231	osa-miR1423-3p	0.1803734299389472	3
4	2760607	2762882	osa-MIR5533	0	0
4	18469799	18471822	osa-miR5150-5p	0.7117753415648936	3
4	6535337	6537454	osa-MIR1861d	0.4547553275156375	3
4	6535571	6537592	osa-miR1861e	0.4878585755793934	3
4	21649324	21651436	osa-MIR5522	0.06712173459068706	3
4	34435832	34437852	osa-miR396e-5p	0.9221420768673277	3
4	31804334	31806419	osa-MIR395b	0.1898305757633148	3
4	30285469	30287489	osa-miR6249b	0.3667380359058491	3
4	28481456	28483556	osa-MIR171h	0.6812523286985669	3
4	32622067	32624162	osa-MIR395x	0.22310260447946637	3
4	21649334	21651354	osa-miR5522	0.06712326655978569	3
4	20339401	20341420	osa-miR1862g	0.1928184711149506	3
4	31804344	31806364	osa-miR395b	0.1936388647359135	3
4	28872121	28874226	osa-MIR399j	0.5769788391726202	3
4	6535354	6537375	osa-miR1861d	0.41500220910997104	3
4	21649339	21651360	osa-miR2118g	0.06712326697572235	3
4	21651388	21653568	osa-MIR2118i	0.09338148646789012	3
4	19714494	19716517	osa-miR1868	0.10369004173654872	3
4	14652021	14654041	osa-miR5511	0	0
4	8339904	8341924	osa-miR2871b	0.5621594594182733	3
4	32620993	32623112	osa-MIR395m	0.192424391305687	3
4	21641923	21644101	osa-MIR2118a	0.09715306287072784	3
4	21651652	21653808	osa-MIR2118h	0.09037457763391932	3
4	19419077	19421202	osa-MIR169g	0.3237732662504705	3
4	17243231	17245251	osa-miR5515	0	0
4	32796606	32798757	osa-MIR5542	0.5712270767308093	3
4	20809160	20811286	osa-MIR5804	0	0
4	18469833	18471856	osa-miR5150-3p	0.7117753414135489	3
4	8302538	8304694	osa-MIR530	0.6140277779446667	3
4	32621943	32624028	osa-MIR395s	0.22337700184882542	3
4	18386082	18388102	osa-miR5512a	0.007904042971587245	3
4	23526607	23528669	osa-MIR5809	0.5905947786008315	3
4	20809170	20811190	osa-miR5804	0	0
4	30319096	30321216	osa-MIR396d	0.3178189275735789	3
4	8302546	8304566	osa-miR530-3p	0.6140809956850888	3
4	24404899	24407032	osa-MIR162b	0.3570219766109676	3
4	11829694	11831838	osa-MIR5498	0.41465972249974337	3
4	31804494	31806635	osa-MIR395a	0.18088121426716944	3
4	32621429	32623449	osa-miR395o	0.22147348296649538	3
4	31712472	31714570	osa-MIR171c	0.1490994638200624	3
4	32621092	32623112	osa-miR395m	0.19241962084026604	3
4	19419087	19421107	osa-miR169g	0.32381237690886194	3
4	21641950	21643971	osa-miR2118a	0.09838328986650939	3
4	21651679	21653700	osa-miR2118h	0.09037457755974415	3
4	21651426	21653447	osa-miR2118i	0.09343063976958672	3
4	31803643	31805663	osa-miR395g	0.10725540534872566	3
4	5620964	5623201	osa-MIR5337a	0.4812039997702508	3
4	28481509	28483529	osa-miR171h	0.7065329037498459	3
4	34930960	34932981	osa-miR393b-5p	0.6117837167356526	3
4	32621288	32623308	osa-miR395n	0.20864285850576286	3
4	28584254	28586277	osa-miR2877	0.807026903074336	3
4	34930885	34932905	osa-miR393b-3p	0.6140034152213617	3
4	34435820	34438003	osa-MIR396e	0.9221193689822739	3
4	21655743	21657764	osa-miR2118l	0.07034649032734094	3
4	5620974	5622994	osa-miR5337a	0.48134592112315133	3
4	13156349	13158369	osa-miR5818	0.5388882819925492	3
4	31803633	31805718	osa-MIR395g	0.16570279096063845	3
4	32621811	32623878	osa-MIR395r	0.2252004666915238	3
4	22223813	22225902	osa-MIR1849	0.3172226577746315	3
4	9951990	9954124	osa-MIR5813	0.6947005362370627	3
4	21655982	21658003	osa-miR2118k	0.07006760289237259	3
4	16416248	16418349	osa-MIR5543	0.11629293066774013	3
4	23526612	23528631	osa-miR5809	0.5905947787224193	3
4	30230534	30232620	osa-MIR5803	0.34646916349345735	3
4	21657851	21660020	osa-MIR2118m	0.07429762433648429	3
4	13156348	13158406	osa-MIR5818	0.5388189601104872	3
4	21644285	21646463	osa-MIR2118b	0.09058219855759574	3
4	32621525	32623592	osa-MIR395p	0.2215674300825764	3
5	28978946	28980967	osa-miR5502	0	0
5	18667398	18669513	osa-MIR1861f	0.5727946578905718	3
5	9935879	9938038	osa-MIR2919	0	0
5	3876104	3878124	osa-miR2871a-3p	0.5004533458765429	3
5	26048753	26050773	osa-miR1851	0.7956526145372127	3
5	18249483	18251591	osa-MIR2102	0.6272328690785204	3
5	4301836	4303856	osa-miR3981-5p	0.4475998119596594	3
5	16055053	16057072	osa-miR2093-5p	0.4248539976377283	3
5	2517523	2519546	osa-miR5153	0.6864788608423064	3
5	18249492	18251511	osa-miR2102-5p	0.6377340492569735	3
5	28909038	28911253	osa-MIR5152	0.1803155414951708	3
5	18667414	18669435	osa-miR1861f	0.5727617749293198	3
5	26914329	26916489	osa-MIR2869	0.9181790329061393	3
5	29745690	29747710	osa-miR815a	0.1346625584916512	3
5	23590556	23592787	osa-MIR5825	0.5292575131364117	3
5	26274207	26276339	osa-MIR1850	0.9435652860912281	3
5	26307004	26309024	osa-miR399h	0.8474925499271867	3
5	8861219	8863239	osa-miR1425-3p	0.4902835897461953	3
5	23590566	23592589	osa-miR5825	0.5310903011248538	3
5	5229735	5231756	osa-miR156l-3p	0	0
5	5229609	5231764	osa-MIR156l	0	0
5	26304938	26307047	osa-MIR399c	0.9431720856316816	3
5	28909228	28911248	osa-miR5152-5p	0.1803206678452824	3
5	3876013	3878133	osa-MIR2871a	0.5004533452050154	3
5	21906862	21909296	osa-MIR5078	0.824170220153548	3
5	13978418	13980512	osa-MIR5516a	0.38283737929236733	3
5	3876019	3878042	osa-miR2871a-5p	0.4998770857223741	3
5	26304948	26306968	osa-miR399c	0.9443997002200967	3
5	15184821	15186841	osa-miR5338	0.41232976816622013	3
5	2517353	2519558	osa-MIR5153	0.6767844045010896	3
5	21906872	21908892	osa-miR5078	0.8068138972899993	3
5	26048315	26050785	osa-MIR1851	0.7878453189557761	3
5	23342908	23345117	osa-MIR164f	0.6649020096880395	3
5	14991306	14993326	osa-miR815b	0.34088649917521996	3
5	3660606	3662627	osa-miR5151	0.5721034322381987	3
5	20760127	20762147	osa-miR1852	0.9379680570631876	3
5	28909050	28911070	osa-miR5152-3p	0.18031554228008267	3
5	13961666	13963734	osa-MIR5516b	0	0
5	13961669	13963689	osa-miR5516b	0	0
5	26274246	26276267	osa-miR1850.3	0.9448491618212148	3
5	28576946	28578969	osa-miR5831	0.6460634978641927	3
5	4301897	4303917	osa-miR3981-3p	0.4475992840811519	3
5	3660490	3662638	osa-MIR5151	0.571900077061488	3
5	15895243	15897263	osa-miR164b	0.5210311481036197	3
5	9935948	9937966	osa-miR2919	0	0
5	14991226	14993355	osa-MIR815b	0.34088651715504426	3
5	173006	175153	osa-MIR426	0.28705219036502594	3
5	15184719	15186851	osa-MIR5338	0.40865310101026325	3
5	9340240	9342299	osa-MIR5833	0.40786933960690824	3
5	26310328	26312348	osa-miR399k	0.8408341632182449	3
5	26914339	26916359	osa-miR2869	0.9118967141849245	3
5	173012	175032	osa-miR426	0.29271024026217474	3
5	18249557	18251578	osa-miR2102-3p	0.6377366050054264	3
5	20760025	20762159	osa-MIR1852	0.9379680536367265	3
5	18431835	18434066	osa-MIR812v	0.6250967630519512	3
5	8861149	8863250	osa-MIR1425	0.490283589325844	3
5	26274277	26276297	osa-miR1850.2	0.9452996133105086	3
5	29745632	29747714	osa-MIR815a	0.13466255849284198	3
5	5229619	5231639	osa-miR156l-5p	0	0
5	18431845	18433868	osa-miR812v	0.6051264407424969	3
5	17326440	17328558	osa-MIR164c	0.7867182093996541	3
5	13978428	13980448	osa-miR5516a	0.38283737902559883	3
5	8861162	8863182	osa-miR1425-5p	0.46105379671486335	3
5	26310253	26312358	osa-MIR399k	0.8408293690790132	3
5	9340270	9342290	osa-miR5833	0.40786933965185546	3
5	18667611	18669717	osa-MIR1861g	0.5670242470218321	3
5	16055024	16057081	osa-MIR2093	0.4248540082186147	3
5	18667633	18669654	osa-miR1861g	0.5794270228295013	3
5	17326450	17328470	osa-miR164c	0.7867184684453676	3
5	23342931	23344951	osa-miR164f	0.6657272479169132	3
5	4301813	4303938	osa-MIR3981	0.44759928359239093	3
5	28978936	28981077	osa-MIR5502	0	0
5	28576824	28578979	osa-MIR5831	0.6460621495816132	3
5	26306936	26309034	osa-MIR399h	0.8474925467213845	3
5	16055034	16057053	osa-miR2093-3p	0.4002367736549575	3
5	15895163	15897271	osa-MIR164b	0.5209043690011942	3
5	26274302	26276322	osa-miR1850.1	0.9452996099633529	3
6	3668736	3670755	osa-miR396b-3p	0.5304604632121008	3
6	17700867	17702955	osa-MIR5836	0.5205256704342655	3
6	20744965	20747150	osa-MIR438	0.7739300428413111	3
6	16972816	16974988	osa-MIR5492	0.5765237856922275	3
6	637203	639355	osa-MIR5508	0.5848329213705205	3
6	5299630	5301810	osa-MIR396g	0.1265401331596198	3
6	21163798	21165821	osa-miR1870-5p	0.8880555249509479	3
6	16972826	16974846	osa-miR5492	0.5765237893127462	3
6	20744988	20747008	osa-miR438	0.7772045623899889	3
6	27295005	27297025	osa-miR169b	0.6081872321344605	3
6	17457695	17459770	osa-MIR5072	0.009007204878818682	3
6	24707626	24709706	osa-MIR5806	0.4665283643783831	3
6	26553902	26555923	osa-miR156j-3p	0.7541791706235893	3
6	8375863	8377884	osa-miR2930	-0.0074799799970919284	3
6	13329464	13331598	osa-MIR1871	0.8078504005720555	3
6	29361467	29363823	osa-MIR5339	0.39649686880147805	3
6	17700925	17702945	osa-miR5836	0.5205256684493252	3
6	27673921	27675941	osa-miR167i-3p	0.2294845688371902	3
6	30326084	30328289	osa-MIR166b	0.6798692025425718	3
6	27237190	27239293	osa-MIR1861h	0.41623528734675347	3
6	26660423	26662446	osa-miR5814	0.576973292559879	3
6	17457738	17459759	osa-miR5072	0.011189449847900405	3
6	20887631	20889747	osa-MIR399f	0.5302087296146418	3
6	4757584	4759701	osa-MIR5834	0.30928674262743705	3
6	5299640	5301660	osa-miR396g	0.1265375562436627	3
6	25890132	25892227	osa-MIR171a	0.9049882843623734	3
6	30326102	30328122	osa-miR166b-3p	0.6824575089746463	3
6	20887641	20889661	osa-miR399f	0.5302087335391695	3
6	28488795	28490815	osa-miR397a	0.7421905132101332	3
6	24707676	24709696	osa-miR5806	0.47557845644613567	3
6	5262432	5264552	osa-MIR5154	0.10609342249246073	3
6	16014691	16016801	osa-MIR5828	0	0
6	26259440	26261461	osa-miR812c	0.15802426305867817	3
6	17007975	17010155	osa-MIR2876	0	0
6	26259307	26261470	osa-MIR812c	0.1580242630586789	3
6	16014701	16016721	osa-miR5828	0	0
6	17007985	17010005	osa-miR2876-3p	0	0
6	21163894	21165917	osa-miR1870-3p	0.8926770267372612	3
6	29361783	29363803	osa-miR5339	0.39843046952237177	3
6	5072507	5074602	osa-MIR1320	0	0
6	24617621	24619723	osa-MIR5517	0.6375741312542058	3
6	27435650	27437727	osa-MIR5148b	0.6657835963140117	3
6	21163755	21165963	osa-MIR1870	0.8854620919873133	3
6	11401605	11403724	osa-MIR2926	0.11241248305521688	3
6	8375783	8377962	osa-MIR2930	-0.007479979997092125	3
6	5072521	5074541	osa-miR1320-3p	0	0
6	17369227	17371448	osa-MIR812t	0.6879731212800697	3
6	637325	639345	osa-miR5508	0.5860632736588727	3
6	27237262	27239283	osa-miR1861h	0.4215123163063348	3
6	20148367	20150561	osa-MIR5829	0.5711981678472622	3
6	1892817	1894836	osa-miR2931	0.6758323878291252	3
6	28080020	28082158	osa-MIR160b	0.333503263317375	3
6	27673749	27675949	osa-MIR167i	0.22948456879228057	3
6	25890198	25892218	osa-miR171a	0.9051493026065717	3
6	20148377	20150400	osa-miR5829	0.5652129485902774	3
6	10731163	10733286	osa-MIR5799	0.08992666290224637	3
6	14948509	14950600	osa-MIR1861i	0	0
6	27673759	27675779	osa-miR167i-5p	0.22948449969076729	3
6	14948513	14950534	osa-miR1861i	0	0
6	1892771	1894924	osa-MIR2931	0.6737176887589784	3
6	10731173	10733196	osa-miR5799	0.08992666280446819	3
6	4757671	4759691	osa-miR5834	0.3095592311253874	3
6	3668649	3670764	osa-MIR396b	0.4973293752242315	3
6	11401646	11403665	osa-miR2926	0.11241263851271861	3
6	28263709	28265730	osa-miR6250	0.7556613349734722	3
6	28080049	28082069	osa-miR160b-5p	0.3342027819028448	3
6	3668659	3670679	osa-miR396b-5p	0.497349072083424	3
6	27435700	27437723	osa-miR5148b	0.6673014579844047	3
6	5262517	5264540	osa-miR5154	0.10609342267965964	3
6	28180408	28182813	osa-MIR5079a	0.0049058075078931285	3
6	5072570	5074590	osa-miR1320-5p	0	0
6	27294908	27297035	osa-MIR169b	0.61128415152328	3
6	28263615	28265740	osa-MIR6250	0.7556582511685552	3
6	17369237	17371260	osa-miR812t	0.6848989407262072	3
6	28180418	28182439	osa-miR5079a	0.005083962196253641	3
6	26553795	26555959	osa-MIR156j	0.7541791719858247	3
6	19305937	19307960	osa-miR5835	0.5991475342553689	3
6	1561044	1563064	osa-miR399d	0.21829984867401925	3
6	1560789	1563074	osa-MIR399d	0.36324748828739706	3
6	4922862	4924939	osa-MIR1872	0.28474259471549174	3
6	24617693	24619713	osa-miR5517	0.6375795567566223	3
6	1800934	1802998	osa-MIR5789	0.4938160051039237	3
6	28488785	28490898	osa-MIR397a	0.7411664013940907	3
6	30326248	30328268	osa-miR166b-5p	0.36995753089708433	3
6	31090921	31093085	osa-MIR2918	0.5732287277671857	3
6	1800939	1802959	osa-miR5789	0.4956388908897808	3
6	26553836	26555855	osa-miR156j-5p	0.7541791706247905	3
6	19305710	19307970	osa-MIR5835	0.5940036050150533	3
6	17008125	17010145	osa-miR2876-5p	0	0
6	28080112	28082132	osa-miR160b-3p	0.3335135213553912	3
6	31090929	31092949	osa-miR2918	0.5527433299902759	3
6	13329545	13331568	osa-miR1871	0.8160937608133331	3
6	1552119	1554217	osa-MIR439h	0	0
6	4922876	4924899	osa-miR1872	0.28474259504781574	3
6	26660349	26662456	osa-MIR5814	0.5769712174787515	3
6	1552126	1554146	osa-miR439h	0	0
7	16718848	16720870	osa-miR2275c	0	0
7	9121411	9123540	osa-MIR1882c	0.6475837504325631	3
7	9121417	9123440	osa-miR1882c	0.647583750583484	3
7	6671120	6673276	osa-MIR5798	0.6964742989110279	3
7	23400707	23402727	osa-miR1432-3p	0.6781480460049318	3
7	2215769	2217789	osa-miR160e-3p	0.8797871668802665	3
7	6671130	6673150	osa-miR5798	0.6911021960191237	3
7	22394351	22396372	osa-miR812d	0.5914621690224522	3
7	15898	17919	osa-miR5081	0.6574806373796226	3
7	25018014	25020092	osa-MIR6253	0.8546602232988328	3
7	27502433	27504554	osa-MIR2873c	0	0
7	15635744	15637832	osa-MIR171g	0.661615116147649	3
7	22151329	22153570	osa-MIR812i	0.5294286100198794	3
7	2215844	2217864	osa-miR160e-5p	0.8846597859232167	3
7	5450407	5452428	osa-miR1428f-5p	0.707204548608105	3
7	15635754	15637774	osa-miR171g	0.6616151162147851	3
7	13119534	13121734	osa-MIR820b	0	0
7	4165295	4167404	osa-MIR167d	0.2188678344386606	3
7	16718772	16720880	osa-MIR2275c	0	0
7	4165303	4167324	osa-miR167d-3p	0.21886783341827226	3
7	9525304	9527466	osa-MIR5518	0.4193133875880268	3
7	8232890	8234910	osa-miR439c	0.036212485454528	3
7	9525436	9527456	osa-miR5518	0.42752108355137536	3
7	26661355	26663654	osa-MIR1424	0.7682814857141346	3
7	25017786	25019870	osa-MIR6255	0.857582726953512	3
7	4165374	4167394	osa-miR167d-5p	0.2188678345268282	3
7	27502533	27504553	osa-miR2873c	0	0
7	19976417	19978519	osa-MIR6247	0.5461532035825138	3
7	28404591	28406613	osa-miR2920	0.4218826316691531	3
7	22151501	22153524	osa-miR812i	0.5295168627952704	3
7	25018061	25020082	osa-miR6253	0.8546602232996278	3
7	23400784	23402804	osa-miR1432-5p	0.6781480460313466	3
7	2215761	2217874	osa-MIR160e	0.8797871668746238	3
7	13110485	13112595	osa-MIR172c	0	0
7	15888	18137	osa-MIR5081	0.5650255004950415	3
7	28153432	28155656	osa-MIR818e	0.09454763809578634	3
7	5450329	5452437	osa-MIR1428f	0.7063273939789336	3
7	28153435	28155456	osa-miR818e	0.09391375768283686	3
7	28522460	28524480	osa-miR164a	0.6636835732609988	3
7	5425885	5427987	osa-MIR815c	0.41287349711382615	3
7	13110495	13112515	osa-miR172c	0	0
7	5425888	5427908	osa-miR815c	0.41438439652680403	3
7	16416225	16418511	osa-MIR821b	0.5831831204319665	3
7	12754913	12757109	osa-MIR1873	0.5378889865656046	3
7	28522341	28524496	osa-MIR164a	0.6581503642307718	3
7	27588072	27590256	osa-MIR1442	0.3414501290497403	3
7	28404506	28406715	osa-MIR2920	0.4221819998185104	3
7	19976427	19978447	osa-miR6247	0.5437754223022608	3
7	27588077	27590096	osa-miR1442	0.34145013004542796	3
7	12754926	12756949	osa-miR1873	0.5378892992137382	3
7	22394223	22396375	osa-MIR812d	0.5927961414659428	3
7	14597617	14599704	osa-MIR398b	0.27878839612781636	3
7	16416245	16418268	osa-miR821b	0.5831831204319666	3
7	26661366	26663386	osa-miR1424	0.7773237974595679	3
7	25017839	25019860	osa-miR6255	0.8577471533146844	3
7	8232825	8234917	osa-MIR439c	0.03621248575134525	3
7	13119705	13121725	osa-miR820b	0	0
7	14597627	14599647	osa-miR398b	0.2787846743998979	3
7	23400702	23402810	osa-MIR1432	0.6781480460059178	3
8	3298560	3300580	osa-miR395j	0.5538320517783444	3
8	18738434	18740457	osa-miR1882d	-0.007498769907890093	3
8	23044356	23046555	osa-MIR166m	0.8282853828457755	3
8	3954902	3957089	osa-MIR1437a	0.42931896534608766	3
8	21490395	21492416	osa-miR156h-3p	0	0
8	7640327	7642452	osa-MIR169p	0.4128956516470587	3
8	25425161	25427184	osa-miR812p	0.4548172949740252	3
8	3298319	3300417	osa-MIR395i	0.5808243632989715	3
8	3596816	3598839	osa-miR5807	0.641140314532478	3
8	21477393	21479414	osa-miR156f-3p	0	0
8	16400146	16402315	osa-MIR812e	0.3553234888940809	3
8	8340244	8342267	osa-miR1862b	0.5028510134790406	3
8	26180373	26182473	osa-MIR2878	0.6339094326697083	3
8	23992600	23994623	osa-miR5158	0.1464182040304327	3
8	1219358	1221438	osa-MIR531a	0	0
8	26802159	26804179	osa-miR169i-5p.1	0.5616726207096114	3
8	7857443	7859463	osa-miR1854-5p	0.17793260071318404	3
8	21488165	21490257	osa-MIR5157b	0	0
8	24395953	24397973	osa-miR160f-3p	0.16548589534829725	3
8	15597096	15599119	osa-miR2874	0.6487317248627591	3
8	19805532	19807555	osa-miR812j	0.397135215635031	3
8	1203975	1206135	osa-MIR2275a	0.5670612593274373	3
8	4113070	4115090	osa-miR5071	0	0
8	21488177	21490200	osa-miR5157b-3p	0	0
8	23992370	23994635	osa-MIR5158	0.146905647240386	3
8	26816565	26818585	osa-miR169q	0.30634087034688423	3
8	16954761	16957103	osa-MIR5156	0.2916730163830985	3
8	21490232	21492417	osa-MIR156h	0	0
8	21490235	21492254	osa-miR156h-5p	0	0
8	19924361	19926384	osa-miR821c	0.07948115970280525	3
8	1219398	1221421	osa-miR531a	0	0
8	1706568	1708666	osa-MIR160c	0.5468242147542052	3
8	26802250	26804271	osa-miR169i-3p	0.5617561513626043	3
8	26806349	26808470	osa-MIR169h	0.4980334802596945	3
8	9178446	9180632	osa-MIR5155	0.31952387518258973	3
8	3298895	3300915	osa-miR395y	0.5726512941473643	3
8	1201490	1203589	osa-MIR2275b	0.5908040985202664	3
8	3298387	3300407	osa-miR395i	0.580483598821208	3
8	2036052	2038072	osa-miR1429-5p	0.5660126172595034	3
8	9191766	9193786	osa-miR1427	0.2539638933985686	3
8	26806359	26808379	osa-miR169h	0.4932054756262435	3
8	5368153	5370252	osa-MIR171b	0.1746527710540253	3
8	21475163	21477255	osa-MIR5157a	0	0
8	3298652	3300750	osa-MIR395k	0.5538325266745423	3
8	9178597	9180620	osa-miR5155	0.32206597738151554	3
8	3298144	3300255	osa-MIR395h	0.585481463930683	3
8	14938896	14940916	osa-miR417	0.2566525145091985	3
8	21488226	21490249	osa-miR5157b-5p	0	0
8	7640421	7642442	osa-miR169p	0.412895651612034	3
8	8701798	8703948	osa-MIR1874	0.24846020784196057	3
8	1204071	1206092	osa-miR2275a	0.5670612574221143	3
8	3955048	3957069	osa-miR1437a	0.4368211708043532	3
8	24395882	24397981	osa-MIR160f	0.16619658019154882	3
8	21475175	21477198	osa-miR5157a-3p	0	0
8	4113004	4115102	osa-MIR5071	0	0
8	3735826	3737847	osa-miR2275d	0.5876021923192408	3
8	21477230	21479415	osa-MIR156f	0	0
8	21477233	21479252	osa-miR156f-5p	0	0
8	3955058	3957078	osa-miR1437b-5p	0.43682092892369506	3
8	24395892	24397912	osa-miR160f-5p	0.1662002646478516	3
8	27091061	27093141	osa-MIR2875	0.05258260847947988	3
8	17083767	17085832	osa-MIR5797	0.2610838180372525	3
8	14107258	14109281	osa-miR812n-5p	0.42050562887076126	3
8	3663228	3665315	osa-MIR439g	0.07665949766075061	3
8	22732821	22734844	osa-miR2120	0	0
8	15056576	15058596	osa-miR439e	0.5005917913547513	3
8	10796422	10798677	osa-MIR5503	0.2743182077764374	3
8	15131529	15133620	osa-MIR1861k	0.48959383334642853	3
8	18738319	18740478	osa-MIR1882d	-0.0074987699124095105	3
8	10796432	10798453	osa-miR5503	0.2682756338229499	3
8	1706642	1708662	osa-miR160c-3p	0.5468242136083183	3
8	1201555	1203576	osa-miR2275b	0.5865405388241025	3
8	19805333	19807629	osa-MIR812j	0.3927132981340907	3
8	23044502	23046522	osa-miR166m	0.8282852133199318	3
8	3298815	3300924	osa-MIR395y	0.5726512928140027	3
8	21475224	21477247	osa-miR5157a-5p	0	0
8	26802116	26804291	osa-MIR169i	0.5616725104655693	3
8	15131802	15133823	osa-miR1861j	0.20487645173068963	3
8	3688091	3690179	osa-MIR1853	0.6778690395796478	3
8	27091100	27093123	osa-miR2875	0.05258262414582859	3
8	9191581	9193837	osa-MIR1427	0.24024761467940928	3
8	16400286	16402307	osa-miR812e	0.3565382557692776	3
8	3298720	3300740	osa-miR395k	0.5538319700743025	3
8	2671521	2673691	osa-MIR5796	0.322093435767133	3
8	3688101	3690122	osa-miR1853-3p	0.6813570325911497	3
8	2035953	2038072	osa-MIR1429	0.5660969030696288	3
8	26816498	26818518	osa-miR169l	0.30749694621957474	3
8	2671531	2673551	osa-miR5796	0.15183616667190555	3
8	20573810	20575833	osa-miR812m	0.4186460904307458	3
8	3954862	3957129	osa-MIR1437b	0.4293189652934302	3
8	3298479	3300590	osa-MIR395j	0.5804766788703162	3
8	3298225	3300245	osa-miR395h	0.5854814639315745	3
8	3298997	3301090	osa-MIR395l	0.5560745139302877	3
8	25424998	25427211	osa-MIR812p	0.4809080573774649	3
8	15056569	15058666	osa-MIR439e	0.500589143363814	3
8	3663291	3665311	osa-miR439g	0.07665949844599218	3
8	16955068	16957091	osa-miR5156	0.2777365384245165	3
8	15131584	15133605	osa-miR1861k	0.4779618147335072	3
8	8701892	8703915	osa-miR1874-5p	0.2156710267088619	3
8	19924129	19926394	osa-MIR821c	0.12499524253168974	3
8	14107082	14109284	osa-MIR812n	0.42050541325243007	3
8	14107083	14109106	osa-miR812n-3p	0.4205129818307097	3
8	20573659	20575845	osa-MIR812m	0.446030694365972	3
8	3596497	3598849	osa-MIR5807	0.636319433438118	3
8	3688146	3690169	osa-miR1853-5p	0.6799487655887456	3
8	7857365	7859472	osa-MIR1854	0.17793260003606826	3
8	5368222	5370242	osa-miR171b	0.1529645977329019	3
8	26802136	26804157	osa-miR169i-5p.2	0.5324254388371977	3
8	15131727	15133836	osa-MIR1861j	0.2048715294394118	3
8	7857374	7859395	osa-miR1854-3p	0.18031788150023506	3
8	18745588	18747866	osa-MIR818f	-0.0040551282537767165	3
8	26812897	26815034	osa-MIR169m	0.5301907908247381	3
8	15597028	15599128	osa-MIR2874	0.6487317269161214	3
8	14938853	14940918	osa-MIR417	0.25665251585373516	3
8	26816488	26818595	osa-MIR169l	0.30633920988696267	3
8	19019495	19021601	osa-MIR5073	0.20885846853282186	3
8	8340200	8342398	osa-MIR1862b	0.5104152682344655	3
8	26812907	26814927	osa-miR169m	0.5143344617118019	3
8	1706574	1708594	osa-miR160c-5p	0.546824212589061	3
8	19019505	19021527	osa-miR5073	0.20890011593109847	3
8	2035954	2037974	osa-miR1429-3p	0.5660976664541674	3
8	26180435	26182458	osa-miR2878-3p	0.6591036777325644	3
8	3954932	3956955	osa-miR1437b-3p	0.4381671220434669	3
8	3735806	3737932	osa-MIR2275d	0.5876021928422918	3
8	26180393	26182416	osa-miR2878-5p	0.655837174848905	3
8	18745593	18747613	osa-miR818f	-0.0040551282537767165	3
8	8701823	8703846	osa-miR1874-3p	0.21313729601372716	3
8	17083777	17085797	osa-miR5797	0.25097533723531046	3
8	3299070	3301090	osa-miR395l	0.5560745147006465	3
8	22732773	22734845	osa-MIR2120	0	0
9	3903488	3905509	osa-miR5525	0	0
9	13531649	13533744	osa-MIR1861m	0	0
9	18288107	18290212	osa-MIR156k	0.6556560412039304	3
9	6605701	6607786	osa-MIR395u	0.5058246861057287	3
9	6605575	6607595	osa-miR395v	0.4971178183568487	3
9	16554509	16556608	osa-MIR1878	0.7230390911499962	3
9	6605711	6607731	osa-miR395u	0.5056438483760175	3
9	22880912	22882932	osa-miR172a	0.8209038632900698	3
9	21043089	21045112	osa-miR1877	0.595691223343801	3
9	5979666	5981685	osa-miR1440a	0.2235606735273708	3
9	16554519	16556542	osa-miR1878	0.7230390892517147	3
9	15064346	15066367	osa-miR156g-3p	0.6134937375233611	3
9	6606363	6608383	osa-miR395t	0.3985620321032729	3
9	13210477	13212496	osa-miR1846e	0	0
9	19791133	19793288	osa-MIR169k	0.7035967319590221	3
9	8514693	8516793	osa-MIR2865	0.3226493091039948	3
9	16950817	16952933	osa-MIR166l	0.8124162590226499	3
9	13531426	13533554	osa-MIR1861l	0	0
9	11102759	11104977	osa-MIR5795	0	0
9	13535656	13537676	osa-miR1858a	0.2566782894176356	3
9	16962092	16964112	osa-miR439f	0.5681190537294319	3
9	16950829	16952849	osa-miR166l-5p	0.8038175557214203	3
9	18288182	18290202	osa-miR156k	0.655656041202258	3
9	13531448	13533469	osa-miR1861l	0	0
9	21042873	21045133	osa-MIR1877	0.5852558546346291	3
9	15064253	15066368	osa-MIR156g	0.6106072452908573	3
9	14619454	14621474	osa-miR169d	0.7124931244993099	3
9	15064256	15066275	osa-miR156g-5p	0.6074955536210471	3
9	22880834	22882942	osa-MIR172a	0.8122671627873145	3
9	6895428	6897448	osa-miR5491	0	0
9	13210437	13212505	osa-MIR1846e	0	0
9	8514762	8516783	osa-miR2865	0.3248369007050834	3
9	3903312	3905519	osa-MIR5525	0	0
9	18738255	18740333	osa-MIR5808	0.889728753877622	3
9	18738256	18740279	osa-miR5808	0.8899833446305644	3
9	19787861	19789985	osa-MIR169j	0.6031962084807546	3
9	11583062	11585085	osa-miR5816	0	0
9	9139172	9141193	osa-miR5536	0.17272880821006595	3
9	9139162	9141307	osa-MIR5536	0.17003007625688973	3
9	5979663	5981683	osa-miR1440b	0.22356067382104725	3
9	19787871	19789891	osa-miR169j	0.6100053782702146	3
9	430432	432531	osa-MIR2055	0.7120995681741757	3
9	13193040	13195233	osa-MIR1858b	0.6554454006148801	3
9	11102946	11104967	osa-miR5795	0	0
9	17566947	17569198	osa-MIR1875	0.850640310023864	3
9	11582948	11585087	osa-MIR5816	0	0
9	430438	432458	osa-miR2055	0.7120995681738609	3
9	6606353	6608495	osa-MIR395t	0.3985825845431532	3
9	16962024	16964119	osa-MIR439f	0.4654223532813277	3
9	15791337	15793550	osa-MIR6251	0.6877848517363444	3
9	6605291	6607312	osa-miR395w	0.5100937983984868	3
9	17566956	17568979	osa-miR1875	0.8506403083625259	3
9	13531666	13533687	osa-miR1861m	0	0
9	6895342	6897458	osa-MIR5491	0	0
9	5979506	5981693	osa-MIR1440b	0.2447506893008182	3
9	15791347	15793367	osa-miR6251	0.7020893889199543	3
9	19791143	19793163	osa-miR169k	0.7116284198704318	3
9	14619382	14621484	osa-MIR169d	0.7124931215518783	3
9	16950903	16952923	osa-miR166l-3p	0.8124257512447182	3
9	13193082	13195102	osa-miR1858b	0.6445036445305076	3
9	13535611	13537810	osa-MIR1858a	0.2590847096614122	3
9	3277054	3279337	osa-MIR5524	0.33952475731040394	3
9	3277307	3279327	osa-miR5524	0.3312285430086518	3
10	14482305	14484325	osa-miR166f	0.6515373842468619	3
10	4832470	4834493	osa-miR1876	0.3297453915694507	3
10	2321030	2323050	osa-miR5080	0.29335705598000983	3
10	10914695	10917100	osa-MIR5079b	0	0
10	18079242	18081313	osa-MIR2098	0.6264908355759022	3
10	10320011	10322034	osa-miR1882e-5p	0.36097758168591476	3
10	4832365	4834521	osa-MIR1876	0.3258056679515299	3
10	5634320	5636469	osa-MIR1879	0.3715867233618658	3
10	528274	530385	osa-MIR1846a	0.3823278084663058	3
10	18079252	18081271	osa-miR2098-3p	0.6257969219189047	3
10	5930517	5932536	osa-miR2095-3p	0	0
10	18863382	18865403	osa-miR7694-3p	0.5492062054045361	3
10	1773335	1775468	osa-MIR2929	0.3907221113697685	3
10	19986244	19988264	osa-miR166a-3p	0.7522386012603703	3
10	18222589	18224612	osa-miR812q	0.4223434402658085	3
10	1773340	1775360	osa-miR2929	0.390725900174029	3
10	17227165	17229262	osa-MIR5504	0.6647876611662722	3
10	10555623	10557762	osa-MIR2932	0	0
10	10319904	10322044	osa-MIR1882e	0.36179995390453956	3
10	22683298	22685317	osa-miR2922	0.6489777057238	3
10	13981605	13983688	osa-MIR5820	0.1173957551755983	3
10	17227177	17229197	osa-miR5504	0.664787660397882	3
10	10319914	10321937	osa-miR1882e-3p	0.36197764241803904	3
10	15808263	15810283	osa-miR439i	0.4515598236595135	3
10	3960370	3962478	osa-MIR1428g	0	0
10	18079280	18081299	osa-miR2098-5p	0.61400074438995	3
10	528306	530326	osa-miR1846a-5p	0.40094249945098503	3
10	9215260	9217280	osa-miR398a	0.5346854008661026	3
10	21807333	21809409	osa-MIR816	0.7351104720478436	3
10	3960379	3962400	osa-miR1428g-5p	0	0
10	4832700	4834723	osa-miR1862d	0.3245772892007711	3
10	10555709	10557727	osa-miR2932	0	0
10	18222398	18224639	osa-MIR812q	0.42234344029525905	3
10	6927681	6929871	osa-MIR820c	0.3040124203598147	3
10	16092939	16094962	osa-miR1862c	0.7182814529846927	3
10	8428612	8430798	osa-MIR1438	0.5609263924306326	3
10	6927685	6929705	osa-miR820c	0.2900540134290864	3
10	5930460	5932546	osa-MIR2095	0	0
10	14722126	14724146	osa-miR167f	0.583689813476052	3
10	528335	530355	osa-miR1846a-3p	0.39963658787672557	3
10	11111761	11113782	osa-miR5537	0	0
10	5571922	5573981	osa-MIR439b	0.2199656372227782	3
10	16092884	16094972	osa-MIR1862c	0.7182814512838492	3
10	1583957	1585977	osa-miR5526	0	0
10	8428630	8430651	osa-miR1438	0.5654393030688973	3
10	19986135	19988279	osa-MIR166a	0.7522245950736921	3
10	21236313	21238447	osa-MIR171d	0.8909873255626701	3
10	13981658	13983678	osa-miR5820	0.1174055139819735	3
10	21336283	21338405	osa-MIR5538	0.8830803340222014	3
10	11841884	11843960	osa-MIR5792	0.30456185881256037	3
10	21336293	21338314	osa-miR5538	0.8830803331958547	3
10	11841888	11843911	osa-miR5792	0.3045618600350204	3
10	5930466	5932487	osa-miR2095-5p	0	0
10	4832611	4834760	osa-MIR1862d	0.32457773619179703	3
10	21236325	21238345	osa-miR171d-5p	0.8909873274037157	3
10	18863335	18865501	osa-MIR7694	0.5492062049922088	3
10	14722044	14724156	osa-MIR167f	0.5836898134741895	3
10	21807335	21809354	osa-miR816	0.7351103047473697	3
10	19986156	19988176	osa-miR166a-5p	0.7522269331297331	3
10	9215250	9217364	osa-MIR398a	0.5527021395516415	3
10	11111663	11113792	osa-MIR5537	0	0
10	14482290	14484396	osa-MIR166f	0.6500114975768698	3
10	5571957	5573977	osa-miR439b	0.21996563673514316	3
10	1583735	1585987	osa-MIR5526	0	0
10	18863452	18865475	osa-miR7694-5p	0.556137515262317	3
10	22683220	22685359	osa-MIR2922	0.6489777058556622	3
10	21236417	21238437	osa-miR171d-3p	0.8835643744383799	3
10	15808251	15810375	osa-MIR439i	0.45155982365239666	3
10	2321020	2323108	osa-MIR5080	0.29200230349529566	3
10	10915069	10917090	osa-miR5079b	0	0
10	5634431	5636454	osa-miR1879	0.3711385584276973	3
11	17937280	17939299	osa-miR2868	0.3290298020193302	3
11	24288002	24290022	osa-miR5793	0	0
11	7277060	7279081	osa-miR2907b	0	0
11	27714822	27716933	osa-MIR1846b	0	0
11	7806471	7808492	osa-miR2118p	0.69499786711492	3
11	25090568	25092588	osa-miR5490	0.10177433053641002	3
11	26929675	26931755	osa-MIR531c	0	0
11	28932585	28934608	osa-miR2873a	0.2142020948404705	3
11	6080528	6082700	osa-MIR169o	0.6814305721395508	3
11	7877336	7879823	osa-MIR5075	0.7518486434022994	3
11	21708050	21710070	osa-miR1855	0.3203605126124913	3
11	15503891	15505996	osa-MIR414	0.09453342162228938	3
11	1285653	1287676	osa-miR5082	0.9177089473732203	3
11	20827609	20829766	osa-MIR1882g	0.021403274765704854	3
11	7877346	7879366	osa-miR5075	0.751871414853388	3
11	1285146	1287686	osa-MIR5082	0.9337702667420605	3
11	26929692	26931715	osa-miR531c	0	0
11	9163805	9165924	osa-MIR440	0.05263895683804452	3
11	15503904	15505924	osa-miR414	0.094533421160814	3
11	21506096	21508270	osa-MIR2923	0.1286521250958326	3
11	6403363	6405383	osa-miR5534a	0.05259894004201754	3
11	9367076	9369099	osa-miR1883b	0.011556684855603131	3
11	7809261	7811282	osa-miR2118r	0.6673340779027627	3
11	2812203	2814281	osa-MIR5148c	0.1349840503146457	3
11	24257580	24259815	osa-MIR5509	0.286829650580989	3
11	6084398	6086418	osa-miR169n	0.6883218600633314	3
11	24701021	24703212	osa-MIR5837	0.4042694423743911	3
11	2812208	2814231	osa-miR5148c	0.13498405025847027	3
11	26334769	26336976	osa-MIR5822	0.14677417287073583	3
11	9163827	9165850	osa-miR440	0.05266343403285071	3
11	21506100	21508121	osa-miR2923	0.13692941973582878	3
11	8662581	8664797	osa-MIR812u	0	0
11	26334946	26336966	osa-miR5822	0.1494511243994706	3
11	1383740	1385958	osa-MIR3982	0.8764495163344243	3
11	16289598	16291618	osa-miR535-5p	0.48793713241630715	3
11	12857909	12860240	osa-MIR5826	0.7478910028115379	3
11	1383745	1385765	osa-miR3982-3p	0.8810208043384301	3
11	9585987	9588059	osa-MIR5528	0	0
11	7806433	7808606	osa-MIR2118p	0.6856852465531897	3
11	16194125	16196146	osa-miR2100-5p	0.29887161734974405	3
11	11905614	11907701	osa-MIR2907c	0.7376671442218145	3
11	11905618	11907639	osa-miR2907c	0.7376671442044336	3
11	24920149	24922241	osa-MIR5800	0.20319671750288198	3
11	24920150	24922170	osa-miR5800	0.2032129164155144	3
11	24803927	24806257	osa-MIR5529	0.38980500357860315	3
11	13522520	13524637	osa-MIR1883a	0.5505356825273553	3
11	2523994	2526353	osa-MIR2872	0.32377771589257043	3
11	18808925	18810948	osa-miR812r	0.5536670291512186	3
11	6403422	6405519	osa-MIR5534b	0.05260380286458648	3
11	12858207	12860230	osa-miR5826	0.7906721401980187	3
11	11919712	11921787	osa-MIR5159	0.7801634671066318	3
11	24803937	24805957	osa-miR5529	0.33382895722269085	3
11	10375266	10377286	osa-miR1856	0	0
11	2732902	2735031	osa-MIR1857	0.19466363006318252	3
11	27714852	27716872	osa-miR1846b-3p	0	0
11	23056493	23058776	osa-MIR5489	0.16373161571270087	3
11	19479150	19481263	osa-MIR3979	0.6169134282589291	3
11	2732912	2734932	osa-miR1857-5p	0.19466620102985405	3
11	17937270	17939350	osa-MIR2868	0.3288917600467594	3
11	23056503	23058523	osa-miR5489	0.16373161577137446	3
11	2522232	2524324	osa-MIR1862e	0.35138474904592065	3
11	19479162	19481181	osa-miR3979-5p	0.6189600046890265	3
11	8662591	8664614	osa-miR812u	0	0
11	13522541	13524564	osa-miR1883a	0.6287401501492277	3
11	13371008	13373112	osa-MIR2104	0.7560150308666783	3
11	27714881	27716901	osa-miR1846b-5p	0	0
11	13371018	13373039	osa-miR2104	0.7573914433051535	3
11	21505677	21507783	osa-MIR5823	0.09542096922753505	3
11	701071	703191	osa-MIR1319a	0.48571692594355786	3
11	958609	960629	osa-miR810b.2	0.7987086673635614	3
11	11919762	11921785	osa-miR5159	0.7801695876622367	3
11	958574	960796	osa-MIR810b	0.7987086672336946	3
11	21505687	21507710	osa-miR5823	0.09542096974092001	3
11	6084252	6086428	osa-MIR169n	0.6883218601397114	3
11	6080670	6082690	osa-miR169o	0.6721250670757952	3
11	6403490	6405510	osa-miR5534b	0.027006670972171465	3
11	2524324	2526344	osa-miR2872	0.29276830817277744	3
11	958633	960653	osa-miR810b.1	0.7987086672222196	3
11	16276650	16278750	osa-MIR2867	0.4617741613539189	3
11	7739052	7741134	osa-MIR5790	0.6934405692375376	3
11	7809709	7811885	osa-MIR2118q	0.5973567737833193	3
11	2522291	2524314	osa-miR1862e	0.35139023014064147	3
11	16276662	16278683	osa-miR2867-5p	0.46177416045116937	3
11	19479234	19481253	osa-miR3979-3p	0.6191121147775881	3
11	21707971	21710080	osa-MIR1855	0.320535964437319	3
11	7809223	7811397	osa-MIR2118r	0.661170114559527	3
11	2733001	2735021	osa-miR1857-3p	0.1946931592583834	3
11	22212555	22214794	osa-MIR2921	0	0
11	22212557	22214580	osa-miR2921	0	0
11	9585997	9588017	osa-miR5528	0	0
11	9366993	9369128	osa-MIR1883b	0.01155365159498694	3
11	7809747	7811768	osa-miR2118q	0.6021413357213098	3
11	701144	703167	osa-miR1319a	0.5111821876878822	3
11	16194009	16196030	osa-miR2100-3p	0.2975617878318152	3
11	16193999	16196151	osa-MIR2100	0.29786607316413666	3
11	13958877	13961005	osa-MIR1880	0.023756716208532296	3
11	6403295	6405396	osa-MIR5534a	0.04765413312687818	3
11	9588960	9591324	osa-MIR5527	0	0
11	7277025	7279089	osa-MIR2907b	0	0
11	11072482	11074641	osa-MIR1882f	0.4116810692027944	3
11	28932582	28934682	osa-MIR2873a	0.20963993510792173	3
11	7739111	7741134	osa-miR5790	0.6935112606615291	3
11	24701161	24703181	osa-miR5837.1	0.40423289963458253	3
11	9588970	9590990	osa-miR5527	0	0
11	10375148	10377296	osa-MIR1856	0	0
11	20827629	20829652	osa-miR1882g	0	3
11	16289533	16291553	osa-miR535-3p	0.5143995406661583	3
11	16276721	16278740	osa-miR2867-3p	0.4617741613530212	3
11	13958900	13960923	osa-miR1880	0.023756731019101394	3
11	25090558	25092664	osa-MIR5490	0.1012621531329657	3
11	11072503	11074526	osa-miR1882f	0.3843891339453012	3
11	24257785	24259805	osa-miR5509	0.26569855394523745	3
11	16289530	16291623	osa-MIR535	0.4872372406241299	3
11	1383931	1385951	osa-miR3982-5p	0.8623407397551206	3
11	18808746	18810963	osa-MIR812r	0.5299887971169689	3
11	24701182	24703202	osa-miR5837.2	0.40041151502425276	3
11	24287999	24290076	osa-MIR5793	0	0
12	4866560	4868583	osa-miR1863b	0.6867475575936223	3
12	20552832	20554853	osa-miR5539b	-0.00464990745187428	3
12	269828	271848	osa-miR1846c-3p	0.00346896364585258	3
12	21018888	21020908	osa-miR5507	0	0
12	25874300	25876323	osa-miR7693-5p	0.5755950687309893	3
12	19317259	19319282	osa-miR5801	0	0
12	24373520	24375540	osa-miR5791	0.6202768366018745	3
12	24604434	24606454	osa-miR5821	0.5992508260686505	3
12	10073109	10075280	osa-MIR1439	0.42024662301059174	3
12	25874198	25876219	osa-miR7693-3p	0.5822041254396685	3
12	19484761	19486781	osa-miR1441	0.38212331338113464	3
12	4866585	4868607	osa-miR1863b.2	0.686759252323413	3
12	12444975	12447302	osa-MIR5535	0.2095195840263805	3
12	25479709	25481729	osa-miR167h-3p	0.30567511342683495	3
12	5724959	5726982	osa-miR1881	0.28785809816993735	3
12	25663780	25665800	osa-miR2864.2	0	0
12	26269477	26271620	osa-MIR415	0.6603419912464197	3
12	8236586	8238606	osa-miR419	0	0
12	25663791	25665811	osa-miR2864.1	0	0
12	20547894	20549969	osa-MIR5539a	0.27076462598125495	3
12	18328381	18330401	osa-miR166g-5p	0.4587965160067901	3
12	25475808	25477948	osa-MIR167a	0.527858633322383	3
12	24604427	24606673	osa-MIR5821	0.599250826066856	3
12	19484741	19486920	osa-MIR1441	0.36691367012338044	3
12	10115332	10117352	osa-miR2092-5p	0.464165340858063	3
12	16585544	16587672	osa-MIR1861n	0	0
12	10115401	10117422	osa-miR2092-3p	0.4693583048510106	3
12	13820490	13822896	osa-MIR5805	0.23756953584761997	3
12	6824011	6826152	osa-MIR1430	0.4732542182208671	3
12	25475917	25477938	osa-miR167a-3p	0.527852117059661	3
12	21781328	21783445	osa-MIR5530	0.3566873011980621	3
12	20552788	20554863	osa-MIR5539b	-0.004649907451874006	3
12	10135381	10137493	osa-MIR413	0	0
12	12445271	12447292	osa-miR5535	0.08158625901217419	3
12	10135385	10137405	osa-miR413	0	0
12	21781338	21783358	osa-miR5530	0.35666546365642326	3
12	4601439	4603521	osa-MIR2105	0.015769373708322945	3
12	20547938	20549959	osa-miR5539a	0.2707646259762883	3
12	16420196	16422377	osa-MIR5162	0	0
12	13388006	13390213	osa-MIR5505	0.28358887111991177	3
12	18109544	18111629	osa-MIR6252	0.3680764614547067	3
12	16851565	16853637	osa-MIR2103	0	0
12	25663721	25665821	osa-MIR2864	0	0
12	4868207	4870497	osa-MIR1863c	0.705701635942462	3
12	16420208	16422231	osa-miR5162	0	0
12	4868465	4870488	osa-miR1863c	0.7070129695052491	3
12	18109554	18111576	osa-miR6252	0.38558474807528137	3
12	18038131	18040343	osa-MIR5488	0.2516561238295372	3
12	6824025	6826045	osa-miR1430	0.4732638760870606	3
12	21510519	21512711	osa-MIR1882h	0.02731758632175421	3
12	12082553	12084828	osa-MIR5161	0.21494027928075593	3
12	21167996	21170086	osa-MIR5832	0.3412145654844232	3
12	18038141	18040161	osa-miR5488	0.18499872732535363	3
12	15163737	15165847	osa-MIR5506	0	0
12	19402368	19404453	osa-MIR2091	0.4523661915861887	3
12	19126914	19129038	osa-MIR5510	0.5299985143099675	3
12	19402378	19404399	osa-miR2091-3p	0.45236619180301624	3
12	26269580	26271600	osa-miR415	0.6612620873360594	3
12	12082797	12084816	osa-miR5161	0.21968452847710282	3
12	4601492	4603511	osa-miR2105	0.015769373721731924	3
12	13388181	13390202	osa-miR5505	0.28358887075382977	3
12	16851607	16853628	osa-miR2103	0	0
12	10073240	10075260	osa-miR1439	0.03842018232329074	3
12	21510554	21512577	osa-miR1882h	0.02732035640519548	3
12	17985691	17987797	osa-MIR2101	0.35522533476721035	3
12	16585629	16587650	osa-miR1861n	0	0
12	18328481	18330501	osa-miR166g-3p	0.45888068702398566	3
12	17985700	17987721	osa-miR2101-5p	0.3479415274108937	3
12	15163817	15165837	osa-miR5506	0	0
12	24373418	24375566	osa-MIR5791	0.5975820599449563	3
12	25874099	25876419	osa-MIR7693	0.5571452033479972	3
12	21168058	21170078	osa-miR5832	0.34121456729992905	3
12	19402429	19404449	osa-miR2091-5p	0.4523661902908911	3
12	13820863	13822886	osa-miR5805	0.23757692367539346	3
12	25479618	25481737	osa-MIR167h	0.30562147949184	3
12	7332292	7334419	osa-MIR5810	0.71348024456909	3
12	1969862	1972199	osa-MIR6254	0	0
12	2038472	2040851	osa-MIR5160	0	0
12	25479628	25481648	osa-miR167h-5p	0.3056468286032508	3
12	7332302	7334325	osa-miR5810	0.7134820312153991	3
12	1969872	1971892	osa-miR6254	0	0
12	4866257	4868616	osa-MIR1863b	0.7113491193226167	3
12	2038483	2040504	osa-miR5160	0	0
12	269780	271865	osa-MIR1846c	0.003468963645852578	3
12	12114126	12116147	osa-miR2907d	0	0
12	19317211	19319289	osa-MIR5801	0	0
12	19127008	19129028	osa-miR5510	0.5443645978149442	3
12	18328367	18330511	osa-MIR166g	0.4587856401149891	3
12	17985766	17987787	osa-miR2101-3p	0.3440546210518587	3
12	269799	271819	osa-miR1846c-5p	0.00346896364585258	3
12	8236520	8238622	osa-MIR419	0	0
12	24357353	24359422	osa-MIR5519	0.46804816362370594	3
12	12673516	12675651	osa-MIR5074	0	0
12	25475821	25477841	osa-miR167a-5p	0.5278594074478916	3
12	24357363	24359383	osa-miR5519	0.4680481624045359	3
12	12673526	12675546	osa-miR5074	0	0
12	5724922	5727259	osa-MIR1881	0.28783131496289	3
12	10115323	10117425	osa-MIR2092	0.46943555929359826	3
12	12114090	12116155	osa-MIR2907d	0	0
12	21018878	21021122	osa-MIR5507	0	0
